((("vez" .
   [1 0 0])
  ("grafo" .
   [1 0 0 0 0])
  ("Recorrido" .
   [1 0 0 0 0 0 0 0 0])
  ("euleriano" .
   [2 0 0 0 0 0 0 0 0])
  ("es" .
   [2 0])
  ("and" .
   [1 0 0])
  ("Week" .
   [1 0 0 0])
  ("the" .
   [1 0 0])
  ("to" .
   [1 0])
  ("with" .
   [2 0 0 0])
  ("Computing" .
   [0 0 0 0 0 1 0 0 0])
  ("Principles" .
   [0 0 0 0 0 0 0 1 0 0])
  ("of" .
   [1 0])
  ("Python" .
   [2 0 0 0 0 0])
  ("programming" .
   [0 0 0 0 0 0 0 0 1 1 0])
  ("Interactive" .
   [0 0 0 0 0 1 0 1 0 0 0])
  ("Algorítmico" .
   [1 0 0 0 0 0 0 0 0 0 0])
  ("Pensamiento" .
   [1 0 0 0 0 0 0 0 0 0 0])
  ("Parte" .
   [1 0 0 0 0])
  ("Algoritmos" .
   [2 0 0 0 0 0 0 0 0 0])
  ("el" .
   [2 0])
  ("no" .
   [4 0])
  ("NCambios" .
   [1 0 0 0 0 0 0 0])
  ("filtro" .
   [2 0 0 0 0 0])
  ("del" .
   [1 0 0])
  ("con" .
   [2 0 0])
  ("original" .
   [2 0 0 0 0 0 0 0])
  ("pila" .
   [1 0 0 0])
  ("marco" .
   [1 0 0 0 0])
  ("Copiar" .
   [1 0 0 0 0 0])
  ("MFiltro" .
   [1 0 0 0 0 0 0])
  ("ImFiltrada" .
   [1 0 0 0 0 0 0 0 0 0])
  ("FilRec" .
   [1 0 0 0 0 0])
  ("paso" .
   [3 0 0 0])
  ("r29" .
   [2 0 0])
  ("entonces" .
   [1 0 0 0 0 0 0 0])
  ("filtrada" .
   [2 0 0 0 0 0 0 0])
  ("imagen" .
   [2 0 0 0 0 0])
  ("Llamar" .
   [1 0 0 0 0 0])
  ("NFiltrados" .
   [6 0 0 0 0 0 0 0 0 0])
  ("Imagen" .
   [1 0 0 0 0 0])
  ("Paso" .
   [6 0 0 0])
  ("la" .
   [3 0])
  ("para" .
   [2 0 0 0])
  ("Horas" .
   [1 0 0 0 0])
  ("Viernes" .
   [1 0 0 0 0 0 0])
  ("Jueves" .
   [1 0 0 0 0 0])
  ("Miércoles" .
   [1 0 0 0 0 0 0 0 0])
  ("Martes" .
   [1 0 0 0 0 0])
  ("Lunes" .
   [1 0 0 0 0])
  ("Cálculo" .
   [4 0 0 0 0 0 1])
  ("-" .
   [5])
  ("Tarde" .
   [2 0 0 0 0])
  ("inglés" .
   [1 0 0 0 0 0])
  ("computadores" .
   [2 0 0 0 0 0 0 0 0 0 0 0])
  ("Incompatibilidades" .
   [0 0 0 0 0 0 0 0 0 0 0 0 0 0 0 0 0 1])
  ("Concurrecia" .
   [1 0 0 0 0 1 1 0 0 0 0])
  ("Arquitectura" .
   [0 0 0 1 0 5 1 1 1 0 0 0])
  ("BBDD" .
   [8 0 0 0])
  ("Empresa" .
   [7 0 0 1 0 2 0])
  ("Redes" .
   [12 0 0 0 0])
  ("PyE2" .
   [3 0 0 0])
  ("|-----------+-------------+-------------+---------------+---------------+---------------+---------------+---------------+---------------+---------------+---------------+---------------+---------------|" .
   [0 0 0 1 0 0 0 0 0 0 0 0 0 0 0 0 0 0 0 0 0 0 0 0 0 0 0 0 0 0 0 0 0 0 0 0 0 0 0 0 0 0 0 0 0 0 0 0 0 0 0 0 0 0 0 0 0 0 0 0 0 0 0 0 0 0 0 0 0 0 0 0 0 0 0 0 0 0 0 0 0 0 0 0 0 0 0 0 0 0 0 0 0 0 0 0 0 0 0 0 0 0 0 0 0 0 0 0 0 0 0 0 0 0 0 0 0 0 0 0 0 0 0 0 0 0 0 0 0 0 0 0 0 0 0 0 0 0 0 0 0 0 0 0 0 0 0 0 0 0 0 0 0 0 0 0 0 0 0 0 0 0 0 0 0 0 0 0 0 0 0 0 0 0 0 0 0 0 0 0 0 0 0 0 0 0 0 0 0 0 0 0 0 0 0 0 0 0 0 0 0])
  ("SSOO" .
   [4 0 0 0])
  ("Proyecto" .
   [0 0 0 1 0 0 0 0])
  ("de" .
   [11 0])
  ("org-mode" .
   [1 0 0 0 0 0 0 0])
  ("YASnippets" .
   [0 0 0 0 0 1 0 0 0 0])
  ("require" .
   [1 0 0 0 0 0 0])
  ("texto" .
   [5 0 0 1 0])
  ("fgets" .
   [0 0 0 0 1])
  ("struc" .
   [1 0 0 0 0])
  ("text" .
   [1 0 2 0])
  ("int" .
   [1 0 0])
  ("strcmp" .
   [0 0 0 1 0 0])
  ("kbd" .
   [1 0 0])
  ("<left>" .
   [1 0 0 0 0 0])
  ("Ballesteros" .
   [0 0 0 0 0 0 0 0 0 1 0])
  ("González" .
   [1 0 0 0 0 0 0 0])
  ("|------------------------------+----------|" .
   [0 0 1 0 0 0 0 0 0 0 0 0 0 0 0 0 0 0 0 0 0 0 0 0 0 0 0 0 0 0 0 0 0 0 0 0 0 0 0 0 0 0 0])
  ("**" .
   [6 1])
  ("*" .
   [12])
  ("Rotar" .
   [0 0 0 1 0])
  ("END" .
   [1 0 0])
  ("Confesiones" .
   [1 0 0 0 0 0 0 0 0 0 0])
  ("comedor" .
   [1 0 0 0 0 0 0])
  ("pizza" .
   [2 0 0 0 0])
  ("Orchid" .
   [2 0 0 0 0 0])
  ("***" .
   [2 0 0])
  ("Black" .
   [1 0 0 0 0])
  ("Sabbath" .
   [1 0 0 0 0 0 0])
  ("Master" .
   [0 0 0 0 1 0])
  ("Reality" .
   [0 0 1 0 0 0 0])
  ("TODO" .
   [2 0 0 0])
  ("Led" .
   [4 0 0])
  ("Zeppelin" .
   [1 0 0 2 0 0 1 0])
  ("ficheros" .
   [5 0 0 0 0 0 0 0])
  ("longitud" .
   [9 0 0 0 0 0 0 0])
  ("malloc" .
   [1 0 0 0 0 0])
  ("strlen" .
   [2 0 0 0 0 0])
  ("linea" .
   [5 0 0 0 0])
  ("strcpy" .
   [1 0 0 0 0 0])
  ("print_rever" .
   [1 0 0 0 0 0 0 0 0 0 0])
  ("Al" .
   [1 0])
  ("una" .
   [2 0 0])
  ("línea" .
   [2 0 0 0 0])
  ("su" .
   [1 0])
  ("en" .
   [3 0])
  ("que" .
   [3 0 0])
  ("función" .
   [1 0 0 0 0 0 0])
  ("solo" .
   [1 0 0 0])
  ("hasta" .
   [1 0 0 0 0])
  ("un" .
   [5 0])
  ("caracter" .
   [1 0 0 0 0 0 0 0])
  ("count" .
   [1 0 0 0 0])
  ("programada" .
   [0 0 0 0 0 0 1 0 1 0])
  ("Punto" .
   [3 0 0 0 0])
  ("Ruptura" .
   [0 0 0 0 0 0 2])
  ("recursivo" .
   [0 0 0 0 0 0 1 0 0])
  ("Filtro" .
   [3 0 0 0 0 0])
  ("nivel" .
   [1 0 0 0 0])
  ("-->" .
   [1 0 0])
  ("--" .
   [1 0])
  ("copiar" .
   [1 0 0 0 0 0])
  ("awful" .
   [1 0 0 0 0])
  ("rules" .
   [2 0 0 0 0])
  ("rule" .
   [1 0 0 0])
  ("class" .
   [1 0 0 0 0])
  ("properties" .
   [0 0 0 0 0 0 1 0 0 0])
  ("tag" .
   [1 0 0])
  ("tags" .
   [1 0 0 0])
  ("error" .
   [0 0 0 0 1])
  ("The" .
   [1 0 0])))
